color_palette <-
  c(
    "MyD88-TRAF6-BD TRAF6" = "#117733", 
    "MyD88 TRAF6" = "#333333",
    "MyD88-TIR-TRAF6-BD TRAF6" = "#332288",
    "MyD88-DHF91-TRAF6-BD TRAF6" = "#44AA99",
    "BDLD_57H-MyD88-TIR-TRAF6-BD-GFP TRAF6" = "#AA4499",
    "MyD88-GFP-synTRAF6-BD-1x TRAF6" = "#88CCEE", 
    "MyD88-GFP-synTRAF6-BD-3x TRAF6" = "#999933",
    "MyD88-GFP-synTRAF6-BD-5x TRAF6" = "#CC6677"
  )

#TOL muted https://personal.sron.nl/~pault/#sec:qualitative:
"#CC6677", "#332288", "#DDCC77", "#117733", "#88CCEE", "#882255", "#44AA99", "#999933", "#AA4499", "#DDDDDD"